The lowest risk path has a risk level of 619.
619 618 611 611 618 610 606 602 595 606 597 595 586 575 573 571 574 573 571 562 571 564 555 565 557 565 574 563 574 568 565 556 568 567 556 549 559 549 541 545 531 526 529 523 521 528 521 516 525 516 512 515 507 499 502 503 510 502 513 503 498 495 484 476 482 481 473 482 473 465 469 482 473 468 466 460 467 458 452 458 448 457 455 448 440 449 441 453 452 444 446 453 448 444 453 446 462 458 447 444 
619 616 611 606 611 609 597 602 601 597 590 593 584 583 580 580 573 565 557 566 557 555 549 558 553 563 565 568 560 551 560 550 564 558 549 548 555 551 550 538 540 535 521 522 524 519 516 507 516 508 515 516 506 502 496 502 494 501 504 501 500 491 492 487 478 473 467 473 465 459 465 473 464 473 474 474 466 457 455 451 445 454 448 448 440 441 435 441 451 440 445 453 439 448 451 439 453 453 444 438 
618 612 613 609 600 611 606 597 593 586 589 586 583 575 574 573 564 557 559 553 550 553 544 549 555 560 566 558 552 544 551 543 556 549 540 550 547 539 547 550 539 536 529 516 521 514 507 510 503 511 498 508 497 502 500 496 487 494 495 502 499 489 476 484 473 473 470 464 463 457 465 464 462 471 464 472 459 450 451 445 441 445 454 444 441 432 441 432 442 437 440 446 442 436 445 431 440 449 438 433 
617 615 607 602 604 601 597 589 584 584 585 583 580 566 565 564 556 555 553 553 553 544 539 553 546 552 557 555 547 551 543 535 548 541 532 541 539 533 542 539 538 529 520 526 516 506 512 507 505 499 490 502 507 502 496 487 484 491 494 499 492 481 469 484 478 466 465 459 457 450 462 454 463 469 467 465 456 447 448 446 436 448 451 437 440 433 432 423 434 438 444 441 443 440 436 427 431 440 433 431 
607 604 602 596 595 601 593 599 590 585 579 585 577 575 573 572 564 564 555 548 544 546 538 544 553 555 555 553 545 546 537 528 539 532 528 532 540 535 533 524 534 525 519 518 512 512 507 499 499 490 484 494 498 500 487 485 484 485 497 492 483 474 469 470 479 472 456 460 451 456 447 456 457 465 457 456 447 456 446 440 436 439 451 444 439 432 423 414 425 434 436 440 434 432 427 420 434 425 436 422 
613 613 611 609 605 595 591 590 581 578 578 571 573 567 568 562 556 555 546 559 550 542 534 538 544 553 553 553 547 537 528 532 530 521 530 529 538 529 531 529 526 517 512 509 503 503 502 496 490 491 482 485 493 491 491 477 485 477 492 488 481 474 468 476 470 466 465 451 449 450 448 442 448 457 444 451 454 446 440 437 439 443 442 441 432 423 414 411 418 425 434 425 434 430 425 418 426 418 427 415 
617 613 614 613 596 592 594 594 590 581 582 577 567 562 561 554 547 552 552 548 549 541 538 531 538 546 554 543 537 528 524 523 524 519 524 524 535 528 524 513 522 513 504 500 497 502 496 496 491 482 479 489 481 491 482 470 482 473 480 486 480 472 469 468 468 463 464 464 453 449 440 446 442 448 447 438 447 439 437 440 439 435 433 432 427 414 411 409 418 427 425 417 430 425 416 423 426 410 419 412 
610 602 614 606 605 596 590 586 584 587 575 581 578 572 568 561 561 545 543 546 541 533 534 528 536 538 546 552 550 546 534 524 527 524 516 524 527 524 518 520 519 510 500 497 494 499 496 487 489 486 476 480 488 485 474 466 474 466 482 475 472 463 454 463 459 461 465 456 453 440 441 438 448 445 432 441 431 440 443 441 432 425 424 427 418 412 413 407 414 426 421 414 419 410 419 406 417 402 410 413 
601 599 602 614 611 603 601 594 585 586 583 576 569 573 561 566 557 552 549 541 535 534 534 525 529 536 544 545 543 537 529 533 518 519 512 524 522 527 515 518 517 508 509 504 500 490 496 494 487 478 467 480 471 482 473 464 466 464 471 466 457 459 458 453 452 444 458 453 444 441 441 432 446 437 434 425 434 439 438 432 424 427 423 414 420 413 404 412 410 421 417 419 411 412 409 410 408 404 406 399 
592 602 593 607 603 604 596 584 581 576 570 575 571 564 556 560 557 549 543 539 530 534 525 529 523 529 533 541 533 524 524 517 523 515 509 519 520 522 508 517 514 509 502 489 498 495 492 487 478 469 463 474 463 473 464 468 472 459 467 467 466 459 449 441 449 441 450 452 441 441 432 430 439 435 426 424 429 431 434 424 427 420 415 413 411 402 411 409 405 417 409 417 414 409 402 407 407 404 392 399 
583 593 598 598 602 595 596 592 584 585 576 566 569 556 552 557 548 542 545 530 528 525 530 523 515 529 530 536 525 521 515 526 521 514 506 513 507 513 510 508 507 502 493 492 494 478 487 475 469 463 458 468 458 463 455 463 463 450 459 465 461 450 444 443 434 443 444 437 432 436 430 428 435 426 429 429 420 429 421 422 418 417 410 407 402 403 401 403 410 414 416 414 405 403 406 404 404 399 392 398 
575 588 594 592 596 584 591 594 585 576 567 570 561 553 552 555 557 554 542 546 537 531 523 515 514 520 529 534 526 519 509 515 519 515 505 507 510 503 503 503 501 493 493 494 485 478 472 467 459 465 456 462 453 458 454 459 450 449 453 460 452 444 439 441 433 440 443 447 441 435 432 428 429 436 427 428 419 428 429 421 419 409 416 402 407 398 402 393 409 398 407 408 413 410 403 397 394 392 385 392 
574 579 588 578 587 588 584 590 592 584 576 567 558 552 548 553 557 551 549 540 531 524 515 520 513 516 524 528 519 510 508 512 505 511 510 498 507 501 500 503 492 493 486 485 476 468 482 478 470 461 452 461 452 454 457 450 454 453 451 454 445 434 442 433 424 436 440 443 440 426 435 429 432 429 425 419 410 419 428 429 422 420 411 407 398 400 393 391 400 402 402 404 408 399 393 388 395 388 389 380 
566 574 581 572 580 572 580 585 586 575 568 560 552 547 547 555 550 546 538 530 524 521 521 521 516 511 516 525 510 516 512 505 509 507 501 494 503 510 507 499 493 485 481 469 476 474 473 469 467 458 451 457 451 460 447 457 454 450 454 445 436 436 427 428 420 428 439 433 433 428 419 428 429 425 417 410 407 410 412 422 415 408 403 398 396 392 397 390 396 389 400 404 408 412 399 401 390 384 380 379 
565 566 573 578 569 578 568 582 577 569 562 552 548 555 554 548 544 538 530 530 533 531 529 520 512 508 517 519 525 507 509 509 500 501 494 485 494 505 502 494 487 488 485 480 467 466 464 460 463 456 451 451 442 451 441 454 449 452 443 438 433 424 436 426 419 423 428 437 427 419 415 419 421 419 408 414 406 408 414 413 419 415 413 407 399 400 391 396 392 381 397 403 395 403 405 396 384 381 374 381 
565 572 563 572 571 569 561 568 575 562 564 561 555 552 549 545 536 530 535 526 531 530 521 512 505 512 516 510 520 516 504 495 499 490 481 487 491 495 499 487 492 483 480 471 480 470 470 464 456 447 445 450 443 438 446 445 446 439 438 429 424 415 426 423 415 424 416 428 419 411 418 419 410 423 417 406 404 413 406 414 421 416 419 414 409 400 397 397 385 379 388 394 400 401 397 388 385 382 373 377 
561 571 562 570 555 564 559 568 567 564 559 555 552 551 546 537 530 535 526 528 522 521 512 506 506 508 499 508 514 516 513 506 497 488 479 488 482 491 495 497 484 476 473 476 469 462 474 467 468 460 451 442 439 435 441 445 439 438 429 420 420 420 411 420 410 415 421 419 411 414 408 418 409 414 405 405 400 404 410 401 406 412 415 410 407 398 397 388 379 370 379 388 396 397 392 383 384 380 367 373 
555 562 553 563 554 556 563 563 560 552 552 544 553 546 537 538 535 519 527 517 520 519 506 501 508 499 492 499 506 512 512 503 497 488 476 485 494 491 482 491 476 473 468 475 469 460 465 468 463 449 440 439 439 433 442 441 439 433 426 428 421 416 412 404 412 412 421 411 415 411 412 409 402 409 414 396 405 405 401 393 408 397 407 406 393 395 388 379 371 373 367 379 387 392 383 383 380 373 364 375 
558 549 558 554 549 559 562 554 547 554 549 549 547 536 527 535 527 524 515 529 519 520 512 508 502 489 493 498 496 503 511 496 488 479 474 481 485 482 477 482 490 480 478 474 465 457 460 466 454 439 441 439 439 431 439 442 430 422 424 421 416 408 401 408 406 415 417 420 410 406 409 409 396 408 403 397 392 397 400 392 399 393 406 405 402 386 377 371 369 374 366 371 379 383 386 380 374 364 371 369 
545 553 550 542 550 556 554 547 539 548 541 545 542 533 529 527 520 518 514 520 511 502 511 502 493 490 481 494 496 497 500 485 479 482 480 478 472 485 476 480 483 472 473 473 465 458 463 458 449 448 433 441 435 439 430 436 428 417 421 414 406 403 400 402 409 411 415 403 411 396 409 400 400 399 396 389 395 392 395 390 400 386 393 402 399 399 390 384 378 370 364 373 364 380 381 373 365 362 367 360 
542 550 541 550 550 552 545 537 541 540 531 539 537 530 516 523 516 512 514 511 502 496 502 493 485 476 482 488 479 488 492 497 488 479 470 474 469 477 471 481 474 465 474 465 456 463 458 449 441 433 435 428 435 436 432 431 427 421 408 406 403 406 402 398 410 409 403 403 396 393 400 402 394 392 394 388 395 396 390 394 392 380 390 392 390 390 386 376 370 371 368 364 357 372 367 365 367 359 355 358 
545 541 541 532 545 545 536 528 540 531 531 523 530 521 518 516 507 504 511 496 505 501 493 485 480 479 472 479 480 479 490 486 481 470 467 476 472 473 464 474 465 456 465 475 466 457 451 438 432 430 433 428 422 428 423 420 419 414 417 416 407 399 405 390 404 393 402 394 394 392 400 403 394 394 387 378 387 389 397 394 387 379 383 393 384 386 378 383 374 367 359 357 356 364 369 362 359 350 359 360 
537 536 538 523 538 536 528 533 526 524 528 524 521 514 513 505 512 510 503 497 495 489 482 486 478 480 471 480 473 474 475 484 474 474 466 473 473 464 455 466 457 450 456 466 454 453 448 448 440 432 423 430 426 421 416 415 418 416 408 411 400 406 396 387 396 398 398 388 394 394 395 400 397 383 386 377 380 380 394 387 379 385 387 391 380 375 384 379 373 364 357 359 352 356 364 354 355 349 358 351 
540 538 529 522 530 531 518 527 533 532 525 517 510 516 508 514 510 508 500 488 494 486 493 482 480 474 466 474 482 483 484 474 474 473 464 472 457 462 462 457 450 455 453 458 453 455 449 437 452 443 435 424 420 427 420 419 410 417 416 409 407 404 392 382 390 381 390 393 397 383 392 402 396 391 381 372 380 387 385 378 370 378 385 387 371 380 379 379 371 363 359 360 354 357 351 346 351 355 354 363 
542 530 530 521 528 518 514 524 531 523 518 510 501 512 500 507 501 499 492 493 486 480 488 479 474 466 461 466 477 483 470 472 473 464 462 469 466 457 456 445 453 444 450 455 455 449 440 435 441 435 427 421 421 420 419 410 410 406 417 408 404 395 384 387 381 374 386 379 391 382 385 396 389 382 372 380 379 370 381 370 367 376 380 376 362 371 375 368 366 362 348 355 345 356 349 345 351 347 348 354 
536 530 521 513 521 508 515 516 524 518 509 500 506 503 492 498 489 493 488 484 479 479 486 470 474 468 455 461 469 477 479 465 463 469 460 466 457 456 448 441 449 448 448 447 443 435 443 434 443 435 421 415 418 411 409 415 407 409 408 405 395 386 383 380 376 373 377 385 386 388 376 385 382 373 368 378 370 365 375 368 364 370 378 367 366 358 366 359 357 355 342 348 341 351 354 344 353 355 357 365 
527 514 517 515 508 505 510 509 517 508 498 498 500 495 493 489 482 484 475 484 479 485 484 479 468 461 454 457 460 469 478 472 469 460 466 457 457 448 442 441 449 449 440 441 435 437 434 427 441 432 430 422 410 418 417 409 412 408 394 400 386 383 379 376 378 372 378 369 383 376 372 383 373 374 362 368 370 362 368 360 370 361 371 362 358 358 356 347 356 346 335 343 336 345 350 335 344 353 355 358 
519 522 508 507 513 510 509 500 509 499 498 490 498 487 487 479 477 468 477 484 483 484 475 466 464 454 451 459 457 458 475 469 466 452 461 455 449 446 446 438 446 440 433 428 436 435 433 424 433 429 423 415 414 415 406 415 409 400 393 394 403 393 389 379 372 374 369 363 372 376 365 375 373 368 362 353 362 366 354 362 363 353 362 353 351 356 347 351 346 337 340 336 333 344 338 334 341 337 350 356 
516 522 519 514 505 503 506 504 499 491 493 494 487 483 474 465 474 462 468 478 476 471 469 464 455 451 449 456 464 468 466 466 459 457 452 456 446 448 438 432 438 431 433 428 435 433 424 416 429 423 415 407 415 406 402 409 400 393 394 385 396 388 384 379 366 369 371 362 371 365 361 372 365 361 357 345 353 357 349 356 359 345 353 348 356 347 346 346 338 335 335 333 331 339 329 338 339 346 345 350 
522 513 517 520 513 509 500 500 500 499 487 487 484 475 471 466 458 466 462 469 465 470 461 455 450 455 447 452 461 463 466 463 454 448 456 448 445 439 432 423 433 439 428 431 426 420 424 415 424 409 413 414 412 408 407 399 399 394 385 381 385 389 380 376 375 360 369 361 363 368 356 361 359 357 348 342 351 342 350 348 351 344 345 351 353 361 355 353 346 339 332 336 325 331 320 329 330 342 343 344 
514 511 521 512 508 501 500 498 498 489 488 490 482 474 463 465 457 462 469 456 464 455 464 465 456 449 452 444 458 450 463 454 445 453 447 445 439 430 423 422 425 430 431 428 426 424 420 412 424 418 408 412 408 401 404 401 394 385 381 374 387 381 376 376 366 355 360 367 368 361 359 357 357 350 346 337 347 343 335 347 349 345 337 345 352 357 358 344 339 334 342 327 326 321 314 325 322 333 342 342 
505 514 515 503 498 497 498 492 495 487 479 487 478 474 471 458 462 453 462 452 459 460 448 456 449 445 447 443 446 451 454 450 451 442 443 436 429 428 427 419 425 419 428 424 423 420 411 420 414 408 405 404 401 399 396 387 392 379 380 379 375 373 374 368 360 350 359 366 362 354 349 353 350 343 338 343 346 343 329 338 344 334 342 339 340 353 349 338 335 335 335 326 321 315 311 317 322 328 336 340 
507 498 515 512 509 504 496 494 485 480 479 478 470 466 459 457 457 455 457 448 457 454 446 455 459 454 447 446 444 437 445 446 438 429 437 430 428 427 419 413 418 423 418 423 418 411 404 410 411 417 414 414 410 406 405 396 393 385 371 370 372 373 369 362 353 343 350 362 353 345 345 345 340 330 337 327 343 334 327 336 328 337 338 336 339 347 341 335 328 339 330 321 315 311 303 311 320 316 325 332 
501 496 506 497 506 500 494 487 480 475 476 469 469 461 465 457 448 457 448 440 448 453 443 448 460 453 442 430 439 439 439 438 432 422 433 429 423 414 417 414 405 414 421 417 406 410 403 406 397 414 406 405 396 410 396 401 385 391 382 376 374 369 362 354 345 346 337 351 342 347 338 340 335 332 327 322 333 335 327 328 327 331 329 339 348 342 339 328 331 326 317 315 307 309 301 303 311 325 333 321 
498 499 497 489 497 491 483 479 472 473 469 470 461 460 456 449 442 450 443 439 440 444 434 443 451 444 433 429 436 430 438 432 425 427 424 423 414 417 408 402 407 405 413 415 417 408 400 403 396 405 397 401 393 399 385 397 394 383 374 367 372 357 354 345 342 343 335 338 351 340 341 343 332 326 322 326 317 326 328 319 328 333 338 347 344 339 330 317 326 317 312 324 318 306 300 309 303 311 318 326 
491 490 495 487 494 484 492 487 478 465 471 461 461 456 449 449 433 446 439 431 445 435 432 434 441 437 429 421 430 432 435 425 419 418 418 412 410 413 409 402 405 397 405 414 410 401 395 402 389 398 407 393 394 390 381 389 381 374 366 373 365 364 362 357 348 340 335 343 340 331 343 334 333 317 328 311 319 319 322 315 323 324 333 338 342 330 322 312 319 312 307 320 312 306 299 307 316 326 324 309 
504 495 487 480 487 476 487 479 479 476 468 464 460 451 449 440 431 438 431 428 437 439 432 426 435 429 421 416 425 426 427 435 429 423 420 418 418 414 401 403 397 397 394 405 401 395 387 395 388 389 398 391 390 388 379 386 386 381 374 365 357 360 352 346 346 340 333 340 332 335 338 325 325 320 319 310 314 322 315 311 320 327 329 337 333 322 313 319 311 313 306 315 306 304 298 299 315 319 316 307 
492 483 487 485 476 481 479 470 472 468 461 455 452 444 444 435 434 430 428 426 435 437 426 427 423 414 423 415 423 426 418 428 420 429 424 420 412 405 398 396 389 398 389 397 400 394 381 387 390 397 391 383 392 383 370 381 383 380 374 373 364 347 349 345 343 336 335 332 323 332 329 329 320 319 311 309 316 314 310 309 317 326 328 329 328 313 314 307 298 307 314 312 304 300 291 302 306 312 313 308 
501 492 478 476 474 478 469 464 462 457 449 446 450 445 435 430 428 427 430 421 431 435 419 424 417 411 419 412 415 426 412 418 424 424 416 409 405 398 392 389 395 389 381 394 391 385 382 378 389 390 384 386 383 374 365 370 380 374 373 364 362 356 345 342 343 334 332 323 314 323 325 327 319 307 316 307 310 316 300 309 313 317 323 312 322 318 310 306 297 298 310 304 300 291 282 297 300 308 308 301 
505 501 491 482 482 469 471 473 470 469 461 452 445 438 441 438 433 430 429 420 426 419 428 417 419 410 411 419 421 417 411 421 408 422 417 399 404 392 389 389 386 387 386 385 382 378 378 372 383 386 380 383 379 371 368 359 371 368 364 362 361 352 341 343 334 334 318 322 313 322 313 322 310 306 312 311 301 309 291 300 306 306 315 303 318 310 306 297 290 305 301 296 287 281 285 288 291 299 299 301 
506 505 496 487 476 478 467 472 467 458 449 446 441 447 446 445 441 437 424 425 417 425 427 425 416 410 405 414 413 411 404 415 405 415 416 409 401 398 392 393 396 378 381 384 378 381 375 371 374 383 368 377 376 369 366 364 363 360 362 358 345 344 337 329 334 327 327 318 314 318 305 313 310 300 307 305 302 293 289 292 304 300 307 296 305 306 293 293 285 297 286 293 288 281 272 281 287 287 291 292 
496 488 479 476 472 474 475 467 456 447 446 447 447 438 438 436 433 432 419 421 415 424 418 423 407 412 403 405 414 411 395 407 399 406 409 403 399 391 396 396 389 387 372 381 372 378 368 377 376 373 363 373 373 367 358 351 358 356 358 350 353 335 328 333 326 326 324 318 318 310 307 298 307 294 305 302 293 296 288 289 300 291 300 302 305 298 293 285 285 293 288 288 281 272 270 272 280 285 290 288 
505 496 490 481 476 477 473 467 464 456 449 440 443 430 429 435 432 423 421 415 414 422 427 419 419 410 404 397 404 402 399 398 390 399 401 398 393 384 391 383 380 372 376 372 366 372 370 370 362 370 357 370 367 358 351 347 351 359 350 344 355 344 340 333 333 324 316 310 301 310 301 289 298 301 302 293 296 295 287 294 290 290 296 295 298 291 286 291 289 284 281 279 271 265 271 270 276 274 288 290 
496 481 493 490 481 473 472 463 450 451 452 447 434 436 435 432 430 422 422 419 412 420 422 419 411 404 397 395 405 399 396 397 394 383 392 390 384 380 389 386 371 370 369 374 371 362 371 368 364 365 356 362 358 352 348 348 351 350 341 352 346 340 333 333 317 317 310 301 293 301 293 292 284 292 300 292 295 291 282 291 280 289 298 286 295 293 277 290 285 279 279 273 263 271 267 271 270 282 282 274 
488 480 490 481 473 464 465 456 458 447 447 452 444 438 439 430 422 422 418 413 404 417 417 408 406 397 402 395 400 396 394 392 388 390 382 376 388 379 387 383 379 378 379 373 364 360 362 369 365 356 353 357 353 348 353 350 342 340 333 342 339 337 333 324 317 308 299 301 292 295 285 291 283 286 293 298 294 287 273 282 272 289 294 281 290 284 272 282 276 273 272 265 262 263 271 263 276 280 282 273 
486 478 481 472 463 469 458 457 448 456 454 448 435 433 423 415 414 415 413 404 403 410 405 406 398 408 402 401 395 387 380 389 383 380 381 372 379 371 381 374 365 377 372 364 356 363 353 364 360 360 353 353 355 354 347 338 333 334 335 327 336 337 330 315 308 311 309 300 291 301 300 291 286 277 286 295 290 279 266 273 269 280 289 282 281 279 265 273 270 265 268 258 264 269 270 259 264 275 273 265 
485 479 471 473 472 464 457 448 441 454 448 441 433 424 426 424 418 406 404 407 404 404 396 404 389 405 396 393 384 384 371 380 384 388 378 376 364 373 374 368 363 366 361 359 357 348 355 355 361 357 351 342 355 345 338 332 334 335 327 324 329 330 325 324 315 312 300 291 290 300 291 284 277 275 277 289 282 272 261 272 260 274 283 277 264 273 258 265 271 273 259 250 263 267 263 258 260 266 271 266 
476 475 481 470 465 451 442 448 447 442 440 431 424 430 418 409 417 415 413 404 402 396 398 389 386 391 391 379 387 378 363 371 372 384 376 370 356 364 373 368 366 357 366 356 356 350 344 348 351 351 345 337 349 336 330 333 324 330 323 328 325 321 322 314 314 306 291 296 298 289 274 283 281 278 270 282 273 263 267 265 254 265 274 269 272 266 252 258 262 264 252 246 255 257 259 249 259 265 268 269 
485 483 475 471 460 460 453 444 443 439 434 424 431 421 413 406 414 412 408 401 392 390 394 387 382 391 390 389 380 370 368 359 368 375 370 361 353 356 364 369 360 361 360 357 348 341 347 344 335 347 337 328 342 327 341 332 329 328 326 320 316 308 316 314 306 297 300 297 289 280 278 277 273 270 262 273 265 256 263 259 250 260 268 264 263 258 252 259 249 257 246 245 252 243 250 246 250 259 261 263 
479 480 473 464 459 451 444 443 440 437 427 431 426 418 411 408 410 403 397 398 401 394 387 388 383 383 381 380 371 361 359 365 359 370 361 358 351 355 355 362 358 351 356 344 346 342 342 335 326 338 328 323 334 323 332 323 317 323 320 312 308 300 314 305 296 287 296 289 280 276 274 266 271 260 265 265 256 258 249 258 245 253 262 265 254 254 252 253 240 248 250 245 251 242 246 242 251 252 261 261 
477 473 464 456 450 441 442 440 437 429 429 422 413 411 405 402 401 400 403 394 390 398 394 381 375 378 375 371 362 368 358 360 361 357 363 351 348 352 362 353 349 349 341 353 341 335 337 328 320 329 319 326 329 327 327 317 310 317 307 305 307 298 305 304 295 292 289 280 276 274 265 268 260 261 262 254 263 252 255 246 244 254 253 256 254 246 247 244 231 243 234 250 244 236 242 243 242 251 252 261 
478 462 455 450 444 450 434 432 431 435 418 417 422 413 417 408 408 406 406 406 399 390 389 389 384 375 376 362 355 362 368 361 355 346 355 356 339 357 356 346 352 346 349 345 341 337 335 320 315 321 317 327 324 317 322 311 309 310 319 307 298 299 296 296 294 288 280 272 279 270 253 265 257 250 261 245 254 252 241 248 236 247 240 251 242 241 239 239 227 231 239 240 243 243 232 240 247 246 246 248 
469 462 461 460 453 449 442 436 434 433 435 426 425 418 417 417 414 413 406 415 406 399 395 388 377 376 368 362 359 352 361 352 346 337 349 340 337 348 348 337 348 340 331 346 337 328 326 321 321 312 324 321 312 318 313 314 314 314 312 297 301 292 298 296 287 278 272 279 270 261 259 257 250 254 252 244 252 243 248 239 230 240 231 247 234 228 239 230 221 230 231 237 235 226 235 234 240 246 246 247 
471 453 452 446 445 452 449 436 436 441 433 427 427 426 424 417 409 414 413 404 405 399 388 379 376 369 362 353 353 354 352 343 337 340 340 332 340 342 333 342 342 333 338 332 324 326 321 312 304 315 315 312 303 312 320 314 305 296 308 307 298 298 289 285 278 272 271 272 261 252 251 249 253 252 247 243 246 246 243 236 228 230 238 238 236 235 232 221 212 221 230 233 229 226 217 227 239 230 243 234 
471 462 453 455 446 451 452 450 442 440 440 438 429 421 416 420 415 418 408 403 397 388 379 371 362 361 366 362 350 344 336 335 334 333 336 333 330 335 335 326 335 325 336 326 319 317 311 312 308 306 305 309 298 310 312 303 300 296 304 292 291 289 279 288 285 278 278 276 270 262 259 258 249 247 238 247 247 240 239 231 219 234 226 237 228 226 223 213 211 211 221 228 229 223 216 219 230 222 234 225 
472 467 464 457 455 446 456 442 433 432 431 429 421 415 414 415 410 408 400 392 394 379 378 379 375 366 357 358 359 352 353 344 335 336 331 336 335 327 327 329 325 320 328 318 328 324 317 307 303 305 297 300 301 301 310 301 296 290 295 291 285 283 276 286 288 284 274 265 262 254 254 249 240 231 240 247 238 238 230 225 216 226 217 229 219 210 219 211 210 205 212 219 224 221 208 224 215 224 229 218 
480 481 472 466 457 456 449 450 442 435 432 438 429 421 415 408 405 397 395 400 387 388 384 384 382 375 366 358 354 364 356 353 344 335 338 329 328 335 322 321 324 324 322 317 324 323 307 301 301 292 292 294 285 294 303 297 288 295 290 282 280 276 272 281 286 275 260 266 249 256 247 236 236 230 239 240 240 236 228 219 212 220 215 220 212 207 210 215 211 196 205 209 216 213 208 209 216 215 225 212 
474 468 469 461 455 453 459 454 445 441 444 435 438 431 422 420 411 413 404 402 397 388 391 388 373 365 360 362 358 367 365 356 353 345 345 344 335 332 333 325 320 322 317 309 323 314 301 303 289 293 289 280 291 284 294 288 280 291 287 275 273 277 268 279 275 268 269 257 257 248 250 243 236 226 236 235 231 222 224 217 208 212 220 212 206 204 213 211 203 200 194 201 209 211 211 212 217 217 216 207 
468 462 467 455 457 455 452 448 450 444 447 444 442 439 431 426 417 411 413 404 402 397 388 379 376 373 366 361 359 370 368 361 352 353 345 345 344 335 332 330 324 313 316 316 313 309 307 296 297 289 281 284 284 277 284 286 276 287 278 291 283 273 267 274 265 265 257 252 253 251 244 236 229 229 229 227 219 233 226 213 208 199 208 212 212 203 210 212 194 201 192 194 202 203 212 209 208 199 208 208 
463 467 458 457 455 448 444 443 444 443 439 434 437 437 421 417 421 411 399 394 389 380 379 370 369 375 371 370 361 376 365 361 357 355 353 343 345 336 331 337 330 319 316 308 306 304 296 294 285 281 279 281 277 278 270 278 274 281 269 283 274 274 270 264 262 256 259 260 253 244 236 229 223 222 221 221 212 226 217 211 207 198 205 208 203 197 208 198 207 196 193 184 195 202 203 208 200 197 204 200 
459 464 450 448 443 441 439 437 436 435 432 437 424 432 430 421 412 411 411 402 398 389 381 387 378 372 368 375 372 363 359 364 350 347 350 337 340 344 337 330 321 323 308 306 312 308 304 304 294 291 288 274 274 277 276 267 276 276 267 274 265 274 259 272 271 262 254 245 242 245 244 245 232 227 229 220 218 217 209 211 202 197 201 194 203 192 203 191 198 194 178 189 186 197 203 202 195 200 204 211 
464 455 458 452 448 443 447 446 445 444 438 429 428 425 421 412 411 411 408 408 406 397 389 382 379 381 377 377 363 359 356 355 358 350 342 343 336 331 325 320 319 324 320 312 303 302 304 302 296 288 279 274 277 275 275 258 267 268 258 267 269 264 253 259 265 262 253 246 247 240 248 242 241 233 225 212 210 207 208 209 200 200 196 186 195 190 197 186 194 185 177 184 189 189 197 202 194 201 198 211 
473 467 460 451 460 452 443 452 451 445 429 423 421 418 409 408 403 402 399 399 398 399 395 386 380 377 377 376 372 363 367 360 356 343 349 343 339 342 338 326 324 315 306 301 297 303 303 295 287 279 272 274 275 275 266 258 263 260 252 263 260 261 248 258 249 258 246 238 246 245 236 236 229 231 217 226 218 213 210 202 205 196 188 185 192 181 192 184 191 181 172 177 184 189 190 197 189 198 189 202 
472 471 462 460 453 461 452 444 449 440 440 435 427 426 418 416 412 403 409 402 407 398 391 396 387 378 371 375 373 364 366 359 351 348 346 337 346 339 330 324 315 329 322 311 308 304 295 286 284 288 279 270 274 270 258 259 259 254 248 255 246 255 244 255 240 249 238 244 240 231 232 232 226 222 216 221 224 218 216 210 196 188 193 188 185 176 184 175 184 179 168 173 182 191 193 184 193 184 192 194 
476 474 465 462 454 465 458 449 440 435 434 427 422 419 421 421 417 412 402 399 400 401 396 392 384 381 378 366 361 368 359 354 354 348 338 338 336 328 326 318 322 320 313 308 304 295 298 295 291 282 274 265 270 261 261 261 254 248 243 248 239 252 239 246 245 236 241 227 236 225 233 227 221 223 221 218 216 216 210 205 204 196 184 190 181 181 175 166 178 170 165 174 180 189 184 178 184 188 189 193 
481 472 474 466 465 455 451 445 449 444 435 442 431 430 426 421 408 409 411 406 399 392 391 384 376 375 376 375 373 366 359 351 345 338 334 336 335 331 323 317 317 308 304 300 298 294 293 287 282 274 268 270 261 261 262 253 244 247 247 238 238 243 237 239 233 241 234 233 225 230 227 218 215 214 205 214 209 208 202 198 189 189 184 185 179 176 165 164 170 161 170 170 179 184 182 170 181 175 183 189 
485 477 470 461 454 451 446 454 445 450 444 433 436 426 423 417 417 409 401 402 391 395 392 390 384 380 373 364 363 361 352 346 338 334 329 328 335 326 320 320 304 309 304 305 297 293 294 288 274 268 264 257 255 254 259 256 253 248 240 238 234 237 240 241 224 234 233 229 221 224 218 209 206 207 206 210 207 204 199 186 190 187 182 183 176 167 165 168 161 158 164 167 172 171 176 168 178 166 175 176 
470 464 457 459 456 457 455 447 454 447 435 436 431 423 414 417 416 406 402 393 402 387 386 383 384 371 363 355 355 348 346 344 347 342 333 335 326 325 320 311 315 307 300 301 293 289 288 282 282 276 273 264 263 259 252 243 249 241 244 240 230 241 233 232 231 222 231 222 220 230 227 218 214 199 207 210 208 201 190 185 186 180 189 182 174 171 165 163 158 162 161 164 165 172 176 162 169 167 158 167 
479 472 464 453 455 449 445 451 447 440 434 423 418 412 415 415 410 401 398 390 395 394 388 389 374 380 374 372 363 357 353 350 341 329 328 321 319 314 309 312 307 298 294 293 285 281 279 278 276 272 275 270 255 260 250 244 238 244 243 235 227 233 224 232 224 224 218 229 223 221 218 207 207 199 202 206 201 192 185 180 185 185 180 180 171 167 156 163 158 148 154 161 160 159 167 154 162 153 159 158 
477 477 472 459 447 443 447 445 444 437 429 431 423 422 416 407 406 398 390 393 386 388 389 384 381 374 370 357 352 356 351 346 332 338 336 333 325 327 321 305 298 297 297 301 294 285 288 284 286 281 280 271 263 251 243 239 244 236 235 227 230 222 229 232 225 222 225 223 211 218 209 209 199 194 201 200 195 195 190 185 176 184 177 168 167 158 154 160 151 139 148 152 161 167 157 147 156 152 161 154 
469 465 464 449 459 449 449 434 441 436 429 428 426 416 413 406 398 389 388 383 384 381 382 375 375 371 370 366 358 354 347 343 340 336 333 324 319 321 312 315 306 307 306 297 293 291 290 297 288 285 281 278 273 262 251 244 235 232 224 223 224 222 225 225 222 217 210 219 203 211 206 204 195 195 187 198 189 186 177 194 186 177 170 165 166 155 157 151 142 138 146 146 155 163 148 145 149 156 157 161 
460 464 455 457 450 449 441 439 437 428 419 423 414 405 398 396 390 398 392 389 385 382 375 366 366 365 368 359 354 345 340 336 334 329 324 319 313 309 313 310 300 307 297 288 287 282 288 288 280 280 280 276 265 263 259 249 244 234 232 224 224 220 221 222 213 216 214 210 209 201 207 198 196 194 178 193 182 184 175 184 172 173 169 166 157 150 141 150 144 133 145 137 146 154 145 149 140 154 154 157 
465 458 451 450 441 441 432 431 431 422 419 414 411 414 409 401 399 398 395 386 382 372 382 375 367 373 363 351 361 354 344 341 332 322 316 318 317 316 310 302 307 298 289 292 281 279 287 281 288 280 276 267 263 254 247 251 235 242 233 224 220 226 218 214 222 211 210 201 193 207 198 199 189 185 177 186 175 180 166 175 181 170 161 157 158 141 140 148 135 138 131 138 136 143 134 143 142 145 154 156 
462 457 452 440 446 432 436 431 422 413 410 411 415 410 406 396 405 402 394 385 377 376 368 382 373 364 354 346 355 344 335 339 330 331 326 317 316 309 302 304 298 291 292 283 279 275 280 282 280 273 267 260 251 252 254 251 243 241 239 234 227 218 220 218 211 202 196 201 190 199 196 191 180 177 170 177 174 166 161 174 170 167 161 158 149 140 134 140 132 137 129 137 140 132 138 134 143 145 147 147 
462 453 449 448 442 440 433 432 431 422 412 413 413 403 399 389 400 391 390 383 375 368 363 374 364 355 349 341 346 334 325 338 329 326 317 310 311 314 306 296 305 298 284 279 283 278 273 282 277 263 270 269 260 255 256 254 246 237 250 243 235 227 220 215 203 211 203 194 186 193 192 182 177 178 171 177 168 169 161 169 172 161 158 156 147 140 131 136 143 135 128 132 139 131 139 133 134 143 145 147 
448 453 444 442 442 440 425 432 429 413 418 414 405 399 393 393 384 389 383 374 365 369 369 365 360 355 347 344 335 326 323 331 330 328 326 317 318 306 299 303 303 296 292 284 274 279 279 277 268 265 261 254 255 256 247 244 238 246 242 233 227 221 215 208 207 203 194 188 185 193 184 177 178 176 177 168 170 162 158 167 164 156 155 153 148 139 136 127 136 128 122 129 135 127 131 139 143 134 146 137 
457 449 444 442 440 441 438 429 424 422 414 405 396 400 385 391 384 377 366 372 369 362 367 358 352 347 338 335 326 327 327 329 325 319 316 314 309 299 302 300 293 285 278 289 284 274 277 269 263 260 257 256 255 246 244 235 244 237 234 225 219 215 214 207 198 194 188 185 191 184 175 171 176 172 164 159 166 158 151 158 158 155 146 148 139 130 135 132 124 118 124 121 135 126 136 129 142 131 137 130 
446 452 440 434 440 432 424 423 422 421 413 411 405 394 393 384 379 383 375 363 362 364 351 348 349 344 352 344 335 321 322 327 320 314 310 299 305 310 300 290 279 284 281 279 275 279 269 262 261 252 250 247 246 244 242 236 228 235 225 221 213 213 203 192 190 186 183 182 181 173 170 169 168 160 167 166 157 151 154 149 157 141 140 137 136 139 126 124 126 119 118 121 130 119 132 141 139 137 129 124 
454 443 442 433 423 424 427 420 421 414 411 403 394 391 384 391 384 381 374 372 364 355 364 351 344 348 348 337 336 327 330 324 315 310 301 300 291 302 297 294 288 279 271 272 273 270 263 255 255 248 245 246 237 235 234 225 234 225 217 224 219 210 203 201 192 197 188 191 182 184 174 178 170 168 158 152 160 147 152 144 154 149 148 146 144 142 135 132 123 117 121 113 121 123 124 130 133 126 118 123 
450 447 438 427 432 431 420 421 413 411 403 394 403 400 392 383 374 367 372 364 355 360 351 352 345 348 339 339 337 331 323 315 307 303 292 294 296 297 294 288 279 270 269 264 263 261 253 262 254 248 238 229 228 235 226 228 224 224 220 219 214 201 200 205 200 196 198 195 191 188 183 176 178 177 171 162 153 151 145 140 144 153 155 153 139 130 133 125 115 114 120 114 117 108 125 126 126 119 116 117 
448 439 436 436 434 424 415 415 407 397 401 398 390 402 399 393 383 374 363 355 354 359 360 349 344 345 339 333 328 322 315 305 303 296 301 290 296 291 286 280 273 264 264 258 254 259 254 254 248 239 237 242 235 226 224 229 225 216 213 213 212 210 204 199 192 187 192 197 187 184 173 171 171 171 162 153 144 144 140 144 135 144 146 145 144 139 127 126 123 123 116 106 113 107 116 117 119 112 116 116 
439 431 422 434 426 419 415 410 406 406 401 396 384 393 393 384 377 381 372 366 361 353 354 344 341 339 325 324 316 315 309 313 310 303 292 302 290 281 275 273 264 264 257 269 261 252 252 246 236 245 246 245 244 238 229 220 215 213 205 213 205 204 203 190 195 189 190 191 184 176 176 165 169 161 158 142 141 140 139 140 131 140 138 145 136 127 126 124 122 116 107 113 104 113 111 116 113 106 112 117 
423 428 427 422 424 413 413 408 405 404 395 389 386 377 386 377 375 366 369 355 357 354 346 343 332 330 329 313 318 308 315 310 302 296 295 293 281 272 268 263 266 257 251 261 252 249 246 237 230 241 234 246 235 232 239 229 225 223 217 207 208 202 203 199 189 185 191 183 175 176 168 173 165 160 151 153 144 147 147 138 128 138 136 135 126 119 110 119 114 106 105 107 105  96 105 110 104 108  99 108 
434 425 421 424 416 411 402 410 402 393 389 381 377 380 379 368 377 375 368 362 354 345 343 334 331 331 327 323 315 301 316 307 304 295 293 284 282 281 275 269 257 259 258 252 245 246 237 236 230 232 239 235 230 239 230 230 223 217 208 208 199 197 195 189 192 190 175 170 171 173 173 165 156 147 148 144 136 146 141 129 123 132 120 128 116 111 105 114 110 102 107 103 102  95 105 108 102  99  90  99 
425 426 418 413 418 409 407 398 388 382 381 376 375 379 373 370 368 364 360 351 345 336 335 326 327 322 316 315 306 308 307 304 296 288 284 276 273 274 276 268 266 250 252 243 242 234 238 231 232 231 223 231 221 230 227 222 214 213 202 198 202 196 188 192 190 182 184 183 176 170 163 157 157 155 143 134 139 136 134 130 130 123 121 117 120 111 112 110 102  93 106 102  98  88  96 106 100  90  81  92 
426 417 413 411 409 401 398 394 396 388 387 386 379 378 370 364 356 360 352 345 336 344 339 334 325 314 309 306 300 299 298 293 287 282 282 285 276 275 266 263 268 259 243 236 234 232 234 228 225 223 225 221 214 226 217 204 215 208 199 208 196 187 192 185 179 176 179 175 173 165 157 149 150 142 133 140 131 129 130 122 122 119 118 110 117 109 103  97  98  91  97 102  91  85  92 100  91  82  75  87 
438 431 422 420 416 409 407 398 394 395 383 392 383 371 364 364 360 352 344 339 345 332 334 328 323 322 314 315 306 307 305 298 294 287 276 275 268 272 266 263 256 244 251 245 236 234 236 224 222 217 216 222 221 217 209 202 208 199 191 199 197 196 183 193 194 186 182 173 164 156 147 142 148 134 145 131 134 127 119 119 126 110 117 114 111 102 109 105  99  89  99  91  92  84  86  91  82  75  67  79 
444 435 431 429 420 416 404 405 398 396 389 380 371 366 370 355 352 346 352 344 344 341 340 331 331 326 321 312 313 304 313 305 298 289 289 284 279 270 257 256 247 253 251 249 246 236 227 228 231 222 222 213 210 213 205 207 198 192 197 190 189 183 186 178 186 182 181 172 164 147 150 148 139 141 136 124 133 118 127 126 117 112 106 112 102  98 107 102  93  83  94  92  84  86  77  89  72  76  64  72 
436 440 435 434 425 418 415 407 398 405 401 392 389 380 371 368 359 354 354 353 341 336 336 340 326 335 329 321 313 306 319 309 300 292 280 275 270 261 266 265 256 253 246 253 237 243 236 227 226 231 220 228 213 205 198 197 192 190 188 182 180 179 187 182 181 179 174 165 155 156 146 148 139 138 127 127 125 114 126 119 116 110 110 101  98 101  98  94  86  90  86  77  88  77  68  84  81  67  64  65 
436 436 429 420 427 424 420 415 407 397 392 386 388 386 377 375 368 357 354 345 346 341 336 335 332 341 335 326 325 313 322 312 303 300 291 284 275 277 268 259 268 252 261 252 254 237 240 233 227 239 231 231 222 222 213 204 199 192 190 191 182 187 178 180 179 174 165 161 161 156 152 143 137 129 121 114 119 108 117 117 115 103  96 101 101 100  94  86  86  74  82  70  79  75  67  76  70  70  64  56 
438 443 435 435 426 420 410 411 413 405 403 395 392 383 368 367 372 366 354 361 352 343 338 339 335 332 338 329 317 322 311 308 305 303 301 292 285 277 277 268 261 264 268 261 245 246 237 243 230 239 237 224 225 225 222 214 207 203 196 197 191 185 187 177 169 160 158 158 155 152 143 134 129 127 121 117 108 110 108 117 108  99  96 101 100  91  83  86  77  79  73  69  77  70  62  73  68  66  62  53 
446 437 445 437 435 426 419 405 399 397 402 398 383 375 377 373 372 365 357 351 359 357 346 345 338 336 339 334 325 311 302 301 306 295 294 298 294 285 285 277 268 261 254 254 254 246 244 248 239 237 234 231 232 223 220 208 197 196 190 189 181 188 174 165 157 153 151 150 154 143 134 127 121 121 112 108 107 107 108 108  99  97  92  96  90  83  88  80  76  73  68  67  74  63  67  65  53  62  53  44 
446 445 441 438 430 428 424 415 410 399 404 402 394 388 379 372 363 360 365 359 358 349 355 354 349 337 328 320 319 322 314 306 297 298 303 294 283 276 275 267 266 268 262 256 261 254 253 249 245 228 234 227 224 222 212 199 206 203 203 198 189 179 187 180 172 163 156 154 145 136 143 135 127 112 108 106 111 100 100  97  97  95  96  90  97  90  79  85  69  67  74  69  71  63  68  60  49  54  52  37 
444 447 445 430 422 421 415 410 403 406 403 396 400 394 390 382 379 370 363 359 359 359 351 349 352 346 337 328 328 323 323 315 306 305 301 302 296 288 279 276 275 271 273 264 261 257 253 253 238 237 231 222 226 215 210 208 207 205 196 185 186 182 175 167 157 165 153 148 145 143 135 127 123 121 112 111 102 104 108  99  96  96  90  89  92  89  90  85  81  75  69  61  65  56  60  51  54  52  43  35 
450 443 447 443 430 424 423 415 410 403 410 403 403 397 397 393 384 376 367 363 355 351 344 343 339 336 327 324 327 318 313 318 313 313 311 308 298 296 288 281 284 280 263 269 252 252 244 235 238 236 227 226 218 210 211 203 200 196 196 192 178 174 168 173 169 163 159 157 154 149 140 132 133 127 118 117 113 106 103 106 104  97  96  96  89  84  80  79  72  70  63  60  56  54  51  42  52  43  41  34 
441 440 442 436 439 430 429 425 420 410 405 410 400 408 394 401 392 385 376 366 363 359 351 352 343 345 337 329 329 327 319 321 316 308 314 299 294 301 297 288 274 265 272 266 265 257 253 244 228 227 219 218 210 204 195 194 191 190 188 179 186 181 173 164 157 157 159 155 146 146 139 133 128 122 124 117 119 109 108 102  97  96  94  87  84  75  73  66  65  65  54  51  51  45  38  49  41  44  41  30 
438 436 435 434 429 433 425 426 411 419 414 409 408 399 401 387 381 381 366 357 356 363 353 351 350 341 345 344 338 329 329 320 311 307 299 294 293 291 291 282 283 281 273 267 267 265 255 246 239 233 227 224 218 210 204 195 200 198 196 188 175 167 162 157 155 153 147 146 137 131 131 123 123 124 116 114 104 110  96  96  96  94  86  78  71  72  66  61  65  56  53  49  42  41  41  41  36  35  32  24 
445 445 442 437 434 434 425 434 424 415 410 402 399 392 387 384 387 372 375 366 365 362 359 358 356 349 349 346 344 336 320 311 304 303 306 301 293 293 284 286 290 282 281 276 276 268 262 253 244 242 233 229 220 220 212 203 203 200 197 193 184 175 170 162 163 155 161 152 146 146 139 131 124 115 114 109 114 108 103  96  87  86  77  68  67  66  66  65  62  53  52  45  46  43  42  35  33  32  24  15 
440 445 445 444 437 432 437 424 415 408 407 410 408 401 392 395 387 383 374 375 360 371 369 367 360 350 341 342 335 328 329 320 314 307 303 297 301 296 299 291 289 287 282 280 264 255 246 248 251 236 235 235 226 218 218 212 203 189 188 184 175 178 172 177 166 163 163 161 152 150 146 140 136 130 122 116 109 100  90  89  96  95  86  83  74  67  57  62  53  54  45  46  43  42  34  35  30  21  15   7 
443 450 443 444 444 437 441 435 427 419 411 409 406 408 401 394 392 386 383 372 368 374 360 359 350 341 338 332 331 338 330 322 308 310 313 304 304 303 301 299 298 289 287 282 273 264 255 253 250 242 226 217 216 213 204 201 206 203 196 189 184 175 177 168 175 166 153 151 146 138 135 134 127 119 123 109 100  94  98  93  89  85  87  74  66  59  66  53  46  43  41  37  34  32  27  21  16  12   7  15 
